/*--------------------------------*- C++ -*----------------------------------*\
  =========                 |
  \\      /  F ield         | OpenFOAM: The Open Source CFD Toolbox
   \\    /   O peration     | Website:  https://openfoam.org
    \\  /    A nd           | Version:  10
     \\/     M anipulation  |
\*---------------------------------------------------------------------------*/
FoamFile
{
    format      ascii;
    class       faceSet;
    location    "constant/polyMesh/sets";
    object      nonOrthoFaces;
}
// * * * * * * * * * * * * * * * * * * * * * * * * * * * * * * * * * * * * * //


758
(
1867952 
524568 
524570 
524592 
524593 
524615 
524616 
524618 
524619 
1868115 
1868116 
1737244 
1737245 
1704701 
1704702 
1311663 
1311664 
2130932 
2130933 
1311831 
1311832 
1934709 
1934710 
1934791 
1934792 
2131510 
2131511 
1181280 
1181281 
1541829 
1541830 
1181387 
1181388 
1378099 
1378100 
1967967 
1967968 
1968049 
1968050 
1378278 
1378279 
2099208 
1050697 
1050698 
1477022 
1477023 
920113 
2132539 
2132540 
920216 
920217 
2001581 
2001629 
2001630 
1936232 
1936233 
363422 
363425 
2132947 
2132948 
2034674 
2034675 
1969224 
1969227 
1969256 
1969257 
1215612 
920778 
920779 
363758 
363760 
691457 
691458 
691459 
1314113 
1314114 
2067811 
1904046 
1904049 
1904094 
1904095 
691816 
691818 
691866 
691867 
2133833 
2133834 
1511273 
1511274 
1511277 
1511278 
1183605 
1183606 
1806399 
1806400 
2134104 
2134105 
1806481 
1806482 
725172 
725174 
725222 
725223 
1577192 
1577193 
1839385 
1839388 
659746 
659768 
659769 
659770 
659773 
1839434 
1380831 
1380832 
1348090 
1348093 
1577491 
1577492 
1348116 
1348134 
1348135 
1348138 
1348139 
1479258 
1479259 
2101854 
2101855 
1348241 
660133 
660135 
922284 
922285 
1348284 
1348287 
1348288 
660183 
660184 
1086197 
1086200 
1086223 
1086242 
1086245 
1086246 
2134859 
2134860 
955478 
955481 
1119326 
1119327 
1086572 
1086574 
1217684 
1086622 
955550 
1086623 
1250473 
1250575 
1250576 
955895 
955897 
955945 
955946 
2135636 
2135637 
2037542 
2037590 
1218685 
1218688 
2136211 
2136212 
1218710 
1218711 
1218729 
1218730 
1218733 
1218734 
1808662 
1808663 
1218949 
1218951 
1218999 
2136631 
760426 
760428 
760476 
760477 
1972974 
1972977 
1973022 
1973023 
2136924 
498672 
498675 
498697 
498698 
498719 
498720 
1121314 
498722 
1121315 
498723 
1121333 
1121334 
1940540 
1940543 
1121354 
1121355 
1940588 
1940589 
1907832 
1907833 
1580177 
1580178 
2104589 
2104590 
499020 
499022 
499044 
499045 
499067 
499068 
499070 
499071 
630297 
630299 
630347 
630348 
1252963 
1252964 
1252978 
1252980 
1252981 
1909050 
1909052 
1909055 
2040600 
1876791 
1876792 
1844049 
1844050 
1876869 
1876870 
1876873 
1876874 
1614750 
1614751 
1516775 
1516776 
1615262 
2106928 
2106929 
1550183 
1550184 
1976252 
1976253 
1419346 
1419347 
1419440 
1419441 
1779898 
1845487 
1845488 
1354041 
1354042 
1354161 
1354162 
1944067 
1944068 
1878751 
1878752 
797513 
797515 
797563 
797564 
1092657 
1092658 
2075788 
2075789 
1092753 
1092757 
1092758 
961907 
961908 
1518979 
1518980 
962009 
962010 
2010710 
2010792 
2010793 
1617599 
1617600 
601911 
601912 
601934 
601935 
601936 
2109444 
2109445 
602240 
602242 
602290 
602291 
1814855 
1782184 
1782185 
1225214 
1225215 
1651276 
1651277 
1225360 
1225361 
1356501 
1356502 
1422119 
1422120 
2045132 
472326 
472329 
1094929 
1094930 
472351 
472352 
472373 
472374 
472376 
472377 
1390043 
1390046 
1390068 
1390069 
1390087 
1390088 
1390091 
1390092 
964135 
964136 
1390173 
1390176 
472678 
472680 
1390205 
1390206 
472702 
472703 
472725 
472726 
472728 
472729 
1751001 
2111478 
2111479 
1227585 
1227586 
998255 
998280 
998302 
998339 
1686518 
2014469 
998674 
998676 
1654061 
1654062 
2014517 
2014518 
1293633 
1293634 
998724 
998725 
1555841 
1555842 
1916597 
1916598 
835255 
835257 
835305 
835306 
1916675 
1916679 
1916680 
1883979 
1883982 
2047834 
1884027 
1884028 
1130452 
1130455 
1130477 
1130496 
1130497 
1130500 
1130501 
1163283 
1163284 
2113768 
2113769 
1130810 
1130812 
1130860 
1130861 
1753487 
1753488 
1983187 
1983188 
1262368 
1262371 
1983269 
1983270 
1262393 
1262394 
1262412 
1262413 
1262416 
1262417 
1262597 
1262599 
1262646 
1819867 
1819868 
1918253 
1918254 
1557985 
1557986 
1689159 
1689160 
1296063 
1296079 
1296080 
1459934 
1459935 
1984307 
1984310 
1460022 
1984313 
1460026 
1460027 
575305 
575328 
575352 
575353 
2115522 
2115523 
1722384 
1722385 
1951818 
1951819 
1165423 
1165424 
1165437 
1165440 
1165441 
1951900 
1951901 
575652 
575654 
575700 
575702 
575703 
2083192 
2083193 
2050694 
1821367 
1821368 
445175 
445178 
445200 
445201 
445223 
445225 
445226 
1395736 
1395737 
445534 
445536 
445558 
445559 
1395832 
1395833 
445581 
445584 
445585 
1854789 
1854790 
1854871 
1854872 
1953184 
1953229 
1953230 
1887970 
1887971 
2117596 
2117597 
1462734 
1462735 
1036980 
1889202 
1889205 
1594350 
1594351 
1889292 
1889293 
1004668 
1004669 
1987770 
1987773 
1004770 
1004771 
1987818 
1987819 
1398132 
1398133 
1856886 
1856887 
873869 
873871 
873919 
873920 
2119119 
2119120 
1431073 
1431076 
1431098 
1431099 
1431117 
1431118 
1431121 
1431122 
1431189 
1431191 
1431194 
1922840 
1922843 
1922888 
1922889 
1136967 
1136968 
1137076 
1137077 
1989455 
1596402 
1596403 
1268851 
1268852 
1268965 
1268966 
2121011 
2121012 
1006923 
1006924 
1957226 
1957229 
1957274 
1957275 
2023179 
2023180 
417593 
417596 
417618 
417619 
417644 
417645 
1793938 
1794029 
1794032 
1794033 
417951 
417953 
417975 
418001 
418002 
1139265 
1139266 
2122331 
2122332 
1499857 
1499858 
549589 
549592 
549636 
549637 
549639 
549640 
1499944 
1499945 
1499949 
1499950 
1336195 
1336289 
1336290 
2090008 
2090009 
549939 
549941 
549986 
549987 
549989 
549990 
1926485 
1926486 
1271237 
1271238 
1795589 
1795590 
1041984 
1042030 
1042031 
1042040 
1631889 
1631890 
1042377 
1042379 
1042427 
1042428 
1075325 
1075326 
2124038 
2124039 
1206916 
1206917 
1960631 
1960632 
1207018 
1207019 
1862442 
1862445 
1305428 
1305431 
1862490 
1862491 
1305453 
1305454 
1305472 
1305473 
1305476 
1305477 
1436576 
1436577 
2026441 
2026489 
2026490 
1436672 
1436673 
1305627 
1305629 
1305659 
1305662 
1174692 
1174695 
1174718 
1174736 
1174737 
1174740 
1174741 
2125165 
2125166 
1338785 
1338786 
1502669 
1502670 
1175006 
1175008 
1175056 
1175057 
1633866 
1633867 
1502987 
1077250 
1077251 
1077271 
1077272 
1831325 
1831326 
1831407 
1831408 
1765908 
1765909 
1766002 
1766003 
914131 
914133 
914181 
914182 
2126691 
2126692 
1897359 
1897360 
1209278 
1209279 
1209292 
1209293 
1209295 
1209296 
1897437 
1897438 
1897441 
1897442 
1471511 
1471530 
1471531 
1471534 
1471535 
390204 
390207 
1668200 
1012917 
1668293 
1668294 
1438943 
1438944 
390551 
390553 
2127632 
2127633 
1767625 
1767626 
1833493 
1833494 
1997419 
1997420 
1899150 
1899151 
1997501 
1997502 
1735539 
1735540 
1702824 
1539033 
1539034 
1866732 
1866733 
1702918 
1702919 
1670176 
1670177 
1539118 
1539119 
1539123 
1539124 
2128987 
2128988 
2096223 
2096224 
2129743 
2129744 
1048427 
1048428 
524220 
524223 
1048529 
1048530 
524245 
524246 
524267 
524268 
524270 
524271 
)

// ************************************************************************* //
