/*--------------------------------*- C++ -*----------------------------------*\
  =========                 |
  \\      /  F ield         | OpenFOAM: The Open Source CFD Toolbox
   \\    /   O peration     | Website:  https://openfoam.org
    \\  /    A nd           | Version:  10
     \\/     M anipulation  |
\*---------------------------------------------------------------------------*/
FoamFile
{
    format      ascii;
    class       faceSet;
    location    "constant/polyMesh/sets";
    object      nonOrthoFaces;
}
// * * * * * * * * * * * * * * * * * * * * * * * * * * * * * * * * * * * * * //


1874
(
1703949 
1081380 
1081381 
1310777 
1310779 
1310799 
1310800 
1310819 
1310820 
1114257 
1114259 
1114396 
1114397 
1573165 
1573168 
1573188 
1573189 
1573205 
1573206 
1671526 
1671547 
1671548 
1671551 
1638798 
1638800 
1638820 
1638821 
1474989 
1474990 
1474992 
1114545 
1114546 
1638840 
1638841 
1475008 
1475011 
1475012 
852457 
852460 
623088 
623090 
623110 
623111 
623130 
623131 
623133 
459301 
459302 
459322 
459323 
459325 
459326 
852583 
852584 
1737395 
852706 
852707 
852710 
852711 
1508105 
1508108 
1508111 
623458 
623459 
1442768 
492779 
492782 
1541387 
1541388 
1639779 
1639791 
1639809 
1639810 
1639812 
1639813 
1541510 
1541511 
1541514 
1541515 
1410460 
1410463 
1410483 
1410484 
1410500 
1410501 
1017297 
1017423 
1017424 
951918 
951920 
493198 
493201 
493221 
493222 
493238 
493239 
1017546 
1017547 
1017550 
1017551 
952089 
952090 
493459 
493461 
493481 
493482 
493498 
493499 
952268 
952269 
1476635 
1476636 
722983 
722984 
722998 
722999 
723001 
723002 
1476762 
1476763 
854171 
854173 
854193 
854194 
854213 
854214 
854217 
854218 
592170 
592172 
1509691 
1509692 
592192 
592193 
952648 
952650 
821600 
821602 
788848 
788850 
952745 
952746 
1509814 
1509815 
1509818 
1509819 
854500 
854503 
821739 
821740 
854523 
854524 
952838 
952839 
854540 
854541 
1280534 
1280536 
789019 
789020 
1280556 
1280557 
1280576 
1280577 
1739345 
1608303 
1608305 
330366 
330367 
821888 
821889 
821892 
821893 
1608326 
1608327 
1608346 
1608347 
592548 
592549 
330414 
330415 
592568 
592569 
330435 
330436 
330438 
330439 
1739468 
789198 
789199 
1739472 
789203 
985829 
985831 
1182455 
1182456 
1182476 
1182477 
1182479 
1182480 
985968 
985969 
658291 
658294 
1018803 
658413 
658414 
986117 
986118 
1444902 
1444905 
1444925 
1444926 
1444942 
1444943 
1543256 
1543259 
658538 
1707115 
658539 
1707118 
658542 
1543279 
658543 
1543280 
1707133 
1707134 
1707136 
1543296 
1707137 
1543297 
1346767 
1346769 
1346789 
1346790 
1346809 
1346810 
691562 
691565 
789936 
789939 
691686 
691687 
691811 
691812 
691815 
691816 
888554 
888555 
888575 
888576 
888578 
888579 
1281856 
1281858 
626499 
626502 
1281953 
1281954 
626621 
626622 
921573 
921576 
1282046 
1282047 
626746 
626747 
626750 
626751 
1478729 
1478732 
921695 
1478752 
921696 
1478753 
1478769 
1478770 
921820 
921821 
921824 
1511697 
1511700 
1511720 
1511721 
1511737 
1511738 
1642963 
1642966 
332343 
332344 
332364 
1643085 
332365 
1643086 
332367 
332368 
1643210 
1643211 
562011 
562013 
431241 
431242 
431262 
431263 
431265 
431266 
562388 
562391 
562411 
562412 
333097 
333098 
1709368 
1709370 
333118 
333119 
333121 
333122 
1709386 
628048 
628049 
1709409 
1709410 
1709412 
1676702 
1676704 
1676720 
1676721 
1676743 
1676744 
1676746 
1381939 
1381941 
595519 
726594 
595522 
726597 
1381961 
1381962 
1381981 
1381982 
595641 
595642 
726718 
726719 
759604 
759605 
595766 
759607 
595767 
759608 
595770 
595771 
726847 
726848 
726851 
726852 
1317045 
1317047 
1186115 
1219185 
1219186 
1219209 
1219210 
1186450 
1186451 
1186454 
1186455 
1710906 
1317720 
1317722 
1317742 
1317743 
1317762 
1317763 
433033 
433034 
433054 
433055 
433057 
433058 
1711030 
1711031 
1711159 
1711160 
597141 
597142 
597156 
597157 
597160 
597161 
1055932 
1055933 
1055953 
1055954 
1055956 
1055957 
466144 
466147 
466167 
466168 
466195 
466196 
466199 
466222 
1580423 
1580425 
1580445 
1580446 
1580465 
1580466 
663024 
663025 
466424 
466426 
663045 
663046 
663048 
663049 
466446 
466447 
466474 
466475 
466479 
466500 
1416934 
1416936 
1416956 
1416957 
1416976 
1416977 
1122082 
1122084 
696262 
696263 
892889 
892890 
696283 
696284 
696286 
696287 
565290 
565293 
893012 
893013 
893016 
893017 
565412 
565413 
1614053 
1614055 
1614075 
1614076 
1319173 
1319174 
1614095 
1614096 
565537 
565538 
565539 
565542 
1319266 
1319267 
631283 
631284 
631304 
631305 
631307 
631308 
1122864 
1122865 
533144 
533147 
1680085 
828117 
1680087 
828119 
1123043 
1123044 
1680109 
1680131 
1680132 
828288 
828289 
828467 
828468 
1123423 
1123425 
1090708 
1123520 
1123521 
861420 
861422 
1156335 
1156337 
1123613 
1123614 
1680698 
1680701 
1615165 
1680703 
1615167 
1615183 
1615206 
1615207 
1615209 
763250 
763253 
861559 
861560 
1156474 
1156475 
894369 
894371 
1090987 
1090988 
828847 
828849 
894391 
894392 
894411 
894412 
894415 
894416 
763374 
763375 
861708 
861709 
1156623 
1156624 
861713 
1091112 
1091113 
1091116 
1091117 
1451599 
1451601 
1451621 
1451622 
763503 
763504 
763507 
763508 
1451641 
1451642 
1353376 
1353378 
566947 
566949 
566965 
1353398 
566966 
1353399 
566985 
566986 
566990 
894675 
894678 
894698 
894699 
894715 
894716 
829246 
829249 
829269 
829270 
665499 
665500 
665520 
665521 
665523 
665524 
731265 
731266 
1550472 
1550474 
731286 
731287 
731289 
731290 
1550494 
1550495 
1550514 
1550515 
1222910 
1222911 
1222931 
1222932 
1222934 
1222935 
600345 
600346 
600366 
600367 
600369 
600370 
698795 
698796 
1354162 
1354164 
1714621 
698816 
698817 
698819 
698820 
1354184 
1354185 
1354204 
1354205 
1714747 
1714748 
1714870 
1714871 
1714874 
1714875 
633689 
633690 
633710 
633711 
633713 
633714 
1485735 
1485737 
1649578 
1649579 
306091 
306092 
1485757 
1485758 
1485777 
1485778 
1649701 
1649702 
1649705 
1649706 
994551 
994553 
1518863 
1518865 
1518885 
1518886 
1518905 
1518906 
535938 
535941 
1060243 
1060244 
994722 
994723 
1682907 
1682910 
536060 
536061 
1060366 
1060367 
1060370 
1060371 
994901 
1683030 
994902 
1683031 
1683155 
1683156 
929511 
929512 
929532 
929533 
929535 
929536 
1355673 
1355674 
995281 
995283 
405483 
405484 
405504 
405505 
405507 
405508 
1650719 
995378 
995379 
1650744 
1650745 
1028154 
1028156 
1650765 
1650766 
995471 
995472 
1028293 
1028294 
1388868 
1388870 
1388890 
1028442 
1388891 
1028443 
1388910 
1388911 
963029 
963032 
602653 
602654 
602674 
602675 
602677 
602678 
963151 
963152 
733830 
733831 
733851 
733852 
733854 
733855 
307910 
307911 
963276 
963277 
307931 
307932 
307934 
307935 
570103 
570104 
570124 
570125 
570127 
570128 
1258343 
1258344 
1258367 
1258368 
1618861 
1618864 
537547 
537549 
537569 
537570 
1618983 
1618984 
1619108 
1619109 
439626 
439629 
1389903 
1389905 
1389925 
1389926 
439659 
439660 
1389945 
1389946 
439694 
439702 
308730 
308731 
308751 
308752 
308754 
308755 
439925 
439927 
439956 
439957 
439958 
439992 
1586879 
1586881 
440004 
1586901 
1586902 
1586921 
1586922 
407285 
407286 
407306 
407307 
407309 
407310 
1226533 
1718146 
1718147 
1718149 
1718152 
767896 
767897 
767917 
767918 
767920 
767921 
669626 
669629 
669752 
669753 
669875 
669876 
669879 
669880 
702957 
702960 
703083 
703084 
801396 
801399 
703206 
703207 
703210 
703211 
801518 
801519 
1424165 
1424167 
1424187 
1424188 
1424207 
1424208 
801646 
637806 
801647 
637809 
801650 
801651 
1588093 
1588095 
572302 
572303 
1588117 
572323 
572324 
572326 
572327 
1588141 
1588142 
637932 
637933 
638056 
638057 
638060 
638061 
507573 
507576 
1720073 
1720085 
1720103 
1720104 
1720106 
507697 
507698 
507699 
507702 
933717 
1425325 
1425327 
540600 
540601 
1425347 
1425348 
540621 
540622 
933840 
540624 
1163217 
933841 
540625 
1163219 
1425367 
1425368 
1163239 
1163240 
933963 
933964 
933967 
933968 
1622246 
1622268 
671996 
671998 
1622271 
672018 
672019 
868659 
868661 
672058 
672067 
770523 
770524 
868830 
868831 
770544 
770545 
770547 
770548 
606767 
606770 
1262156 
1262157 
1262177 
1262178 
1262180 
1262181 
705156 
705158 
869009 
869010 
705178 
705179 
672417 
672420 
606891 
606892 
705198 
705199 
705202 
705203 
672440 
672441 
672457 
672458 
672462 
738046 
738049 
1164066 
1164067 
607019 
607020 
607023 
607024 
672581 
672583 
1459018 
1459020 
672603 
672604 
1459040 
1459041 
672620 
672621 
672624 
672625 
1459060 
1459061 
738172 
738173 
1688477 
1688478 
1721334 
738295 
738296 
738299 
1557500 
738300 
1557502 
869389 
1197070 
869391 
1197072 
1557522 
1557523 
705555 
705558 
1688600 
1688601 
1688604 
1688605 
1557542 
1557543 
705578 
705579 
705595 
705596 
705599 
705600 
869486 
869487 
1721463 
1721464 
1721467 
902284 
902286 
705681 
705683 
509079 
1197209 
509081 
1197210 
1164446 
1164448 
705703 
705704 
509103 
509104 
509105 
509108 
705720 
705721 
705724 
705725 
1164543 
1164544 
902423 
902424 
1099038 
1099039 
1197358 
935214 
1197359 
935215 
640305 
1099059 
640307 
1099060 
1099062 
1099063 
935226 
935227 
1164636 
1164637 
640372 
640382 
902572 
902573 
935373 
869841 
869844 
869864 
869865 
869884 
869885 
869887 
869888 
1295925 
1295926 
935480 
935481 
935497 
1295946 
935498 
1295947 
1295949 
1295950 
640734 
640737 
640757 
640758 
640774 
640775 
1689404 
1689405 
1689408 
1656733 
1656735 
640933 
640935 
1656757 
1656758 
640955 
640956 
640972 
1656781 
640973 
1656782 
640976 
640977 
542679 
542680 
542700 
542701 
542703 
542704 
1460253 
1460255 
1460275 
1460276 
1460295 
1460296 
1493214 
1493216 
1493236 
1493237 
1493256 
1493257 
1558818 
1558820 
1558842 
1558864 
1558865 
1526197 
1526199 
1526219 
1526220 
1526239 
1526240 
740053 
740055 
740075 
740076 
740095 
740096 
1133313 
1133314 
740099 
740100 
1133317 
576409 
576412 
1592251 
1592254 
576537 
576538 
1592373 
1592374 
740435 
740438 
740458 
740459 
740475 
740476 
740479 
740480 
380055 
380056 
576676 
576677 
576680 
576681 
380076 
380077 
740527 
380079 
380080 
740529 
1592498 
609458 
1592499 
609459 
609461 
609462 
806073 
806074 
740545 
740546 
380106 
380107 
380109 
806094 
380110 
806097 
806098 
740562 
740563 
740566 
740567 
1363177 
1363180 
609827 
609830 
1494577 
1494579 
609850 
609851 
1494599 
1494600 
609867 
609868 
1494619 
1494620 
1134221 
1134228 
610052 
610054 
1527564 
1527566 
1625873 
1625874 
610074 
610075 
1527587 
1527588 
610091 
610092 
610095 
610096 
1527607 
1527608 
1724234 
1625996 
1625997 
1626000 
1626001 
1724360 
1724361 
413642 
413645 
511987 
511988 
512008 
512009 
512011 
512012 
1724483 
1724484 
1724487 
1724488 
413925 
413927 
971020 
971021 
971041 
971042 
971044 
971045 
413991 
414001 
774745 
774748 
774871 
774872 
774994 
774995 
774998 
774999 
840620 
840623 
480223 
381984 
381985 
840742 
840743 
382005 
382006 
382008 
382009 
1627214 
1627217 
1627239 
1627240 
1627258 
1627259 
840867 
840868 
1037477 
1037479 
840871 
1266872 
1266875 
1299681 
1299682 
283893 
1299702 
283894 
1299703 
1299705 
1299706 
1037648 
1037649 
1332612 
1332613 
1332633 
1332634 
1332636 
1332637 
1103266 
1103267 
1005025 
1005028 
1037827 
1037828 
1103389 
1103390 
1103393 
1103394 
579125 
579126 
579150 
579151 
579153 
579154 
1005147 
1005148 
1398373 
1398376 
1005272 
1005273 
1660793 
1660795 
808827 
808828 
1038207 
1038209 
1693573 
1660816 
808848 
1693585 
1660817 
808849 
1693586 
808851 
808852 
513940 
513941 
1693603 
1693604 
1660836 
1660837 
1693606 
1693607 
513961 
513962 
513964 
513965 
579539 
579542 
1038304 
1038305 
579562 
579563 
579579 
579580 
1071157 
546869 
1071159 
546872 
1038397 
1038398 
284754 
284755 
284775 
284776 
284779 
284780 
547004 
547005 
1071296 
1071297 
579783 
579785 
579805 
579806 
579822 
579823 
481613 
1071445 
1071446 
711022 
711025 
776655 
776657 
776677 
776678 
776697 
776698 
776701 
776702 
1595921 
1595922 
1595942 
1595943 
1595945 
1595946 
1661591 
1661595 
1661609 
1661610 
1661612 
777023 
1563456 
777026 
1563459 
777046 
777047 
777063 
777064 
777067 
777068 
1235825 
1235827 
777107 
777108 
777120 
777121 
777124 
777125 
1563578 
1563579 
1563703 
1563704 
1203420 
1203422 
1203442 
1203443 
1203462 
1203463 
1433125 
1433128 
1236575 
1236576 
1433247 
1433248 
1236724 
1236725 
1433373 
1368419 
1368420 
1368440 
975224 
1368441 
1368443 
975227 
1368444 
1204668 
1204670 
1728985 
1728988 
1729003 
1729004 
1729006 
975350 
975351 
1204765 
1204766 
1696300 
1696302 
1696324 
549462 
549464 
1696348 
1696349 
549486 
549487 
975473 
975474 
975477 
975478 
1204858 
1204859 
909951 
909953 
549512 
549513 
549516 
549517 
746128 
746130 
1335994 
1336016 
1336017 
1336037 
1336038 
1336040 
1336041 
910122 
910123 
746297 
746298 
1467301 
1467304 
910301 
910302 
484327 
484328 
484348 
484349 
1532926 
484351 
484352 
1532929 
1467423 
549919 
1467424 
549922 
549942 
549943 
549959 
549960 
1533048 
1533049 
1467548 
1467549 
1533173 
1533174 
550174 
550176 
1664308 
550196 
550197 
1664311 
550213 
550214 
910681 
910683 
1664430 
1664431 
910778 
910779 
681406 
681408 
1730055 
1730056 
1730059 
910871 
910872 
1664555 
1664556 
845375 
845376 
681577 
681578 
1500780 
1500783 
1304211 
1304214 
1304234 
943789 
943791 
1304252 
1500902 
1500903 
943928 
943929 
911184 
911187 
1501027 
1501028 
911207 
911208 
911227 
911228 
911230 
911231 
944077 
944078 
813030 
813033 
976887 
976888 
649271 
649273 
813156 
813157 
518249 
518252 
813279 
813280 
813283 
1599716 
813284 
1599717 
1599839 
1599840 
1599843 
1599844 
682461 
682464 
1141221 
1141222 
682484 
682485 
1141242 
1141243 
1141245 
1141246 
682504 
682505 
682508 
682509 
715319 
715321 
1403490 
1403491 
1698405 
1698408 
1403511 
1403512 
1403514 
1403515 
1567387 
1567410 
1567411 
1567431 
1567432 
1567434 
1567435 
355019 
355020 
355040 
1698529 
355041 
1698530 
715490 
715491 
355043 
355044 
355065 
355066 
355081 
355082 
355084 
355085 
486194 
486195 
486215 
486216 
486218 
486219 
1174355 
1698656 
1698657 
715669 
715670 
715673 
715674 
650266 
650269 
650289 
650290 
1371532 
1371587 
1371588 
1371608 
1371609 
1371611 
1371612 
1633875 
1633877 
1633899 
716403 
716404 
1633921 
1633922 
716423 
716424 
716426 
716427 
1601248 
1601251 
1601272 
1601273 
814846 
814848 
1601289 
1601290 
814868 
814869 
814888 
814889 
814892 
814893 
1732402 
1732403 
1732525 
1732526 
1732529 
1732530 
815196 
815199 
1273956 
1273958 
815219 
880756 
815220 
880759 
1273978 
1273979 
815236 
815237 
815240 
815280 
815281 
815284 
815285 
880878 
880879 
881003 
881004 
881007 
881008 
848253 
848254 
1438081 
1438082 
848274 
848275 
848277 
1438102 
848278 
1438103 
1438105 
1438106 
520630 
520632 
520654 
520655 
619156 
619159 
357016 
357017 
357037 
357038 
357040 
357041 
783070 
783072 
783209 
783210 
521078 
521081 
521101 
521102 
1274775 
1274776 
1340313 
1340316 
521118 
521119 
1340336 
1340337 
1340353 
1340354 
783390 
783391 
783395 
783396 
1537143 
521337 
521339 
1537166 
1537167 
521359 
521360 
521376 
521377 
1537187 
1537188 
1537190 
1537191 
357710 
357711 
357714 
357715 
1013092 
1013093 
1013113 
1013114 
1013116 
1013117 
1242614 
1242616 
1242636 
1242637 
1242656 
1242657 
1472043 
1472044 
1406517 
1406519 
1472064 
1472065 
1472067 
1472068 
1406539 
1406540 
751187 
751189 
1406595 
1406596 
1406598 
1406599 
751358 
751359 
751537 
751538 
751541 
751542 
1505277 
1505278 
1505298 
1505299 
1505301 
1505302 
1145285 
1145286 
1145408 
1145409 
1145412 
1145413 
1571455 
1571456 
752279 
752280 
752283 
752284 
1243888 
1243890 
1571578 
1571579 
1571582 
1571583 
457479 
457480 
457500 
457501 
457503 
457504 
1243985 
1243986 
1244078 
1244079 
1080460 
1080462 
1703099 
1703100 
1178823 
1178824 
1047838 
1047841 
1441065 
1703222 
1441078 
1703223 
1441079 
1080631 
1080632 
1703226 
1703227 
1441098 
1441099 
1441101 
1441102 
1670505 
1670506 
1375637 
1375640 
1047960 
1047961 
1375660 
1375661 
1375677 
1375678 
261600 
261601 
1670628 
1670629 
1670632 
1670633 
1080810 
1080811 
654845 
654847 
654867 
654868 
1048085 
1048086 
1048089 
1048090 
654887 
654888 
654890 
1081190 
1081192 
688027 
688029 
688045 
688046 
688065 
688066 
688068 
688069 
1736646 
1081287 
1081288 
1736649 
1736651 
)

// ************************************************************************* //
